<pre>--- Summary ---
Tests passed: 17 out of 18

--- Details ---
Test #0: passed 
Test #1: passed 
Test #2: passed 
Test #3: passed 
Test #4: passed 
Test #5: passed 
Test #6: passed 
Test #7: passed 
Test #8: passed 
Test #9: passed 
Test #10: failed 
Description: Test Case 03: Bagging (group: BagLearner)
IncorrectOutput: Test failed on one or more output criteria.
  Inputs:
    data file: Istanbul.csv
    permutation: [404 400 371 426 236 207   2 229 243 257 399 192 266 344  18 239 494 295
 136 479 255 353 313 510 176 278 199 178 433 516 186 241 181 489 263 293
 158 382 447 511 140 287 276 442 386  21  87 342 318 163 407 162 326 459
 284 150  49 177  88  92 383 530  68  31 301 112 525  53 475 315 205 473
 509  28 458 316  54 340 330 443  42 462 131 265 350 145 138 451 438 455
 508  64 193  30 486 337 102 174 294 336 258 437 200 187 127 468 312  51
 361 159 466 260 499 105 352 460 209   9 224 463 234 360 141 417 424 227
 113 430 528 286  75 411 275 271 108 206 379  33 481 117 521 170  61 501
  36 230  27 119   3 267  58 476 218 262 223 269 101 497 519 440 518 256
 514 149 251 160  57 179 233 268  77 401   5  60  84  25 402 128 240 522
 533 484 161 172 213 534 245 445 423 368  15 217 211 175 358 214 320 369
 196 520 464 165 351  24 384 345 396 228  70 512 208 314  59  38 292 103
  55 515  78 376  95 333 348  82 456 357 385 490  85 120 289 244 435  96
 355 453 122   8 403 144 156 203 529 346 506 291 246 390 325 436 420  97
 434 100 130 439 387 212 373 106 201 397  81 124 249  44 222 215 225 431
 482 302 356 487 290 197 405 444 338  45 457 307 392  72 153 248 416 524
 166 347  74   0 297 126  43 152 242 306 195 285 414 393 527  62 381 319
 133 142   6 304 467  65  93 129 335 427 155  19 409  17 277 448 154 526
 110 472  56 500 280  40 415 185 226 296 374 370 147 428  48 419 532 261
 188 328 421 323 493 363  22 168 311 303 503  98  20 288  67 470 535 259
  12 109 327  89 339  90 231  94   7 189 441 254 305 425 309 169 422 116
 164 317 372  29 366 114 377 204 183 134 364 389 157 513   1 232 237 354
 523 180  16 137  47 507 216 123 505 171 210 151 362 413  99 253 115 202
 167 321 322 471 308 274 104 395 135  39  86  34  71 488 412 365 341 252
 388 272 454 492 380 432 429 182 118 139 283 331 300 235 238 367  10 250
 198 191  80 194 190 221 121  50 496 146 148 483 220  26  52  11 531 408
  69 281  63  66 469 474  14 184  37 452 410 498 107  76 491  13  32 343
 173 132 310 418 375  91 270 264 398  41 332 279 504 449 299 282 219  83
  73 324 359   4 465 349 478 391 495 125  35 298 329 406 143 517 446 273
 477 247 334 502  23  79  46 394 461 480 378 111 450 485]
  Failures:
    Out-of-sample correlation for 20 bags is not greater than for 1 bag. 20 bags:0.7007888385074983, 1 bag:0.7036888154101342

Test #11: passed 
Test #12: passed 
Test #13: passed 
Test #14: passed 
Test #15: passed 
Test #16: passed 
Test #17: passed 
</pre>
